1 0.473177 0.879630 0.206771 0.220370
1 0.757292 0.809259 0.084375 0.220370
1 0.735156 0.323148 0.102604 0.148148
1 0.705990 0.398148 0.115104 0.072222
1 0.721615 0.437037 0.113021 0.075926
1 0.264583 0.255556 0.090625 0.216667
1 0.681771 0.056019 0.059375 0.108333
1 0.421354 0.351389 0.044792 0.232407
1 0.451562 0.478241 0.073958 0.208333
1 0.392188 0.439352 0.070833 0.219444
1 0.288281 0.757407 0.075521 0.105556
1 0.209896 0.793981 0.094792 0.132407
1 0.274219 0.607870 0.078646 0.189815
1 0.504687 0.758333 0.068750 0.127778
1 0.551823 0.685648 0.063021 0.206481
1 0.756510 0.647222 0.051562 0.075926
1 0.686719 0.663889 0.065104 0.103704
1 0.596615 0.695370 0.044271 0.094444
