1 0.878385 0.387500 0.132812 0.137963
1 0.883333 0.627778 0.054167 0.142593
1 0.119792 0.252778 0.081250 0.179630
1 0.166927 0.418981 0.058854 0.087963
1 0.295833 0.516667 0.051042 0.105556
1 0.372396 0.279167 0.076042 0.145370
1 0.519531 0.538889 0.124479 0.061111
1 0.643750 0.882407 0.136458 0.094444
1 0.538021 0.104630 0.051042 0.114815
1 0.617448 0.196296 0.043229 0.094444
1 0.476042 0.341667 0.044792 0.190741
1 0.484896 0.484259 0.112500 0.074074
1 0.405469 0.521759 0.101562 0.123148
1 0.644010 0.631019 0.072396 0.187963
1 0.704688 0.289815 0.061458 0.135185
