0 0.590885 0.284259 0.059896 0.150000
0 0.432031 0.308796 0.086979 0.119444
0 0.424479 0.479167 0.071875 0.149074
0 0.453125 0.556944 0.045833 0.132407
0 0.482552 0.506944 0.057813 0.145370
0 0.538802 0.566667 0.084896 0.077778
0 0.398438 0.759259 0.065625 0.155556
0 0.469010 0.822685 0.069271 0.121296
0 0.520312 0.755093 0.092708 0.093519
0 0.563802 0.667593 0.061979 0.137037
0 0.545833 0.884259 0.083333 0.120370
0 0.686458 0.709722 0.058333 0.178704
0 0.615885 0.631019 0.060937 0.147222
0 0.669531 0.505093 0.061979 0.141667
0 0.707812 0.492130 0.052083 0.156481
