0 0.366667 0.391667 0.083333 0.125926
0 0.299479 0.683333 0.094792 0.122222
0 0.651823 0.465741 0.103646 0.150000
0 0.798698 0.610185 0.107813 0.122222
0 0.678906 0.818981 0.088021 0.182407
0 0.514583 0.854167 0.103125 0.158333
0 0.580469 0.787963 0.101562 0.144444
0 0.560417 0.674074 0.097917 0.122222
0 0.572917 0.546296 0.103125 0.151852
0 0.371354 0.801389 0.096875 0.104630
0 0.438542 0.773148 0.107292 0.124074
0 0.422917 0.695370 0.096875 0.118519
0 0.420833 0.540278 0.097917 0.134259
0 0.522656 0.381481 0.105729 0.107407
