1 0.224219 0.724074 0.077604 0.181481
1 0.330469 0.517593 0.084896 0.109259
1 0.213021 0.225926 0.114583 0.179630
1 0.309896 0.203241 0.059375 0.073148
1 0.322396 0.288889 0.052083 0.074074
1 0.478125 0.499537 0.046875 0.073148
1 0.694271 0.429167 0.068750 0.082407
1 0.627083 0.675463 0.056250 0.178704
1 0.716406 0.551389 0.117188 0.082407
1 0.566146 0.380093 0.087500 0.143519
1 0.606510 0.405093 0.049479 0.099074
1 0.578646 0.475000 0.040625 0.162963
1 0.612500 0.514352 0.038542 0.078704
1 0.620313 0.565278 0.060417 0.045370
1 0.564844 0.742593 0.092188 0.125926
1 0.557552 0.907407 0.092188 0.153704
1 0.464844 0.935648 0.102604 0.100926
1 0.338021 0.788889 0.081250 0.125926
1 0.420052 0.841204 0.064062 0.102778
1 0.492188 0.163889 0.047917 0.168519
1 0.346094 0.148611 0.031771 0.176852
1 0.374740 0.319907 0.048438 0.182407
1 0.410677 0.273611 0.067187 0.121296
1 0.332031 0.451852 0.110937 0.059259
1 0.488281 0.265278 0.163021 0.060185
1 0.516927 0.083796 0.048438 0.160185
1 0.581771 0.036111 0.104167 0.070370
1 0.369792 0.051389 0.061458 0.056481
1 0.450781 0.664815 0.083854 0.092593
1 0.434115 0.738889 0.059896 0.072222
