2 0.485156 0.141667 0.041146 0.075926
2 0.536458 0.351852 0.048958 0.064815
2 0.587240 0.236574 0.047396 0.093519
2 0.654948 0.165278 0.045312 0.069444
2 0.899479 0.288889 0.062500 0.098148
2 0.726302 0.376852 0.048438 0.075926
2 0.760417 0.309259 0.056250 0.072222
2 0.827865 0.206019 0.046354 0.078704
2 0.804688 0.128241 0.067708 0.095370
2 0.623437 0.451852 0.041667 0.068519
2 0.543750 0.603704 0.038542 0.092593
2 0.622135 0.687037 0.045312 0.077778
2 0.960417 0.659259 0.052083 0.094444
2 0.904948 0.541667 0.048438 0.070370
2 0.765365 0.533796 0.048438 0.078704
2 0.815885 0.609259 0.045312 0.085185
2 0.773438 0.609722 0.044792 0.067593
2 0.858333 0.844907 0.061458 0.099074
2 0.802865 0.850926 0.061979 0.103704
2 0.722396 0.725926 0.057292 0.100000
2 0.646354 0.900926 0.047917 0.079630
2 0.708073 0.844444 0.080729 0.127778
2 0.652083 0.549074 0.073958 0.129630
