2 0.602865 0.278241 0.053646 0.069444
2 0.592708 0.470833 0.060417 0.073148
2 0.589063 0.350463 0.041667 0.063889
2 0.518490 0.328241 0.038021 0.060185
2 0.516927 0.129167 0.046354 0.062037
2 0.458854 0.090278 0.022917 0.080556
2 0.380729 0.096296 0.043750 0.062963
2 0.373177 0.332407 0.059896 0.092593
2 0.438281 0.451389 0.040104 0.069444
2 0.473698 0.324537 0.036979 0.056481
2 0.215625 0.833333 0.065625 0.114815
2 0.490625 0.723611 0.047917 0.075000
2 0.505469 0.605093 0.038021 0.075000
2 0.376823 0.713426 0.052604 0.082407
2 0.437240 0.545833 0.035937 0.062037
2 0.393229 0.252778 0.035417 0.061111
2 0.304167 0.377778 0.041667 0.061111
2 0.415885 0.498611 0.033854 0.052778
2 0.291667 0.243519 0.033333 0.055556
2 0.304167 0.282407 0.036458 0.051852
2 0.352865 0.250926 0.040104 0.061111
2 0.293229 0.556019 0.067708 0.102778
2 0.239323 0.518981 0.044271 0.069444
2 0.352083 0.559722 0.032292 0.054630
2 0.343750 0.660185 0.048958 0.070370
