1 0.710417 0.601389 0.137500 0.104630
1 0.708073 0.451389 0.106771 0.150926
1 0.190365 0.529630 0.065104 0.244444
1 0.240104 0.461574 0.043750 0.171296
1 0.308333 0.764815 0.055208 0.166667
1 0.402344 0.152315 0.088021 0.178704
1 0.392969 0.352778 0.038021 0.200000
1 0.545833 0.122685 0.085417 0.125000
1 0.667188 0.344444 0.051042 0.092593
1 0.425000 0.286574 0.044792 0.178704
1 0.505208 0.651852 0.066667 0.100000
1 0.564844 0.533333 0.045312 0.074074
1 0.316406 0.929630 0.083854 0.072222
1 0.359375 0.849074 0.057292 0.109259
1 0.618490 0.410648 0.058854 0.076852
