2 0.279167 0.237037 0.061458 0.092593
2 0.396354 0.366204 0.062500 0.097222
2 0.387240 0.206019 0.061979 0.084259
2 0.422135 0.082407 0.060937 0.103704
2 0.552083 0.092130 0.066667 0.087963
2 0.548177 0.186111 0.063021 0.085185
2 0.492188 0.350926 0.052083 0.072222
2 0.736979 0.145370 0.071875 0.096296
2 0.822135 0.186574 0.057813 0.091667
2 0.629687 0.276389 0.048958 0.065741
2 0.692448 0.287500 0.057813 0.084259
2 0.794271 0.423148 0.058333 0.101852
2 0.860677 0.751389 0.071354 0.100926
2 0.651563 0.671296 0.046875 0.092593
2 0.572396 0.540278 0.048958 0.076852
2 0.658594 0.469444 0.049479 0.088889
2 0.759375 0.479630 0.061458 0.092593
2 0.490625 0.431019 0.041667 0.067593
2 0.483333 0.547222 0.040625 0.079630
2 0.510938 0.533333 0.036458 0.064815
2 0.546354 0.397222 0.067708 0.112963
2 0.656771 0.324074 0.042708 0.070370
2 0.689323 0.570370 0.089063 0.131481
