0 0.367188 0.126852 0.085417 0.166667
0 0.219531 0.316667 0.109896 0.107407
0 0.260156 0.491204 0.096354 0.132407
0 0.315885 0.539815 0.083854 0.151852
0 0.340625 0.802778 0.076042 0.187037
0 0.526563 0.752315 0.084375 0.173148
0 0.678906 0.689815 0.101562 0.168519
0 0.422396 0.781481 0.102083 0.107407
0 0.448177 0.665278 0.107813 0.112037
0 0.376823 0.664352 0.081771 0.160185
0 0.465625 0.547685 0.096875 0.145370
0 0.499740 0.450000 0.070312 0.159259
0 0.592708 0.449074 0.071875 0.166667
0 0.513542 0.264815 0.088542 0.148148
0 0.369531 0.307407 0.107813 0.114815
