1 0.343490 0.113426 0.106771 0.150926
1 0.609115 0.212963 0.063021 0.092593
1 0.658073 0.163426 0.052604 0.086111
1 0.325000 0.315741 0.081250 0.118519
1 0.266406 0.564352 0.068229 0.202778
1 0.314323 0.481019 0.065104 0.093519
1 0.367708 0.487500 0.056250 0.104630
1 0.409896 0.505556 0.054167 0.137037
1 0.454948 0.367593 0.141146 0.092593
1 0.476562 0.266204 0.076042 0.152778
1 0.517708 0.250926 0.039583 0.187037
1 0.387760 0.732870 0.055729 0.169444
1 0.288802 0.750000 0.086979 0.203704
1 0.816146 0.649074 0.056250 0.190741
1 0.599479 0.937963 0.059375 0.087037
1 0.694792 0.236111 0.107292 0.079630
1 0.499479 0.810648 0.037500 0.125000
1 0.589583 0.752315 0.065625 0.089815
1 0.759635 0.264352 0.027604 0.100926
1 0.758854 0.319444 0.111458 0.122222
1 0.774219 0.443519 0.046354 0.066667
1 0.767448 0.534259 0.095312 0.096296
1 0.631771 0.529167 0.034375 0.069444
1 0.543490 0.713889 0.095312 0.074074
